.Random.seed <-
c(403L, 2L, 1475813246L, -1938778615L, 1522548283L, 1906810890L, 
-1234731028L, -41192337L, -1048884315L, 1311697756L, 1788639026L, 
-2006432211L, -1611903769L, 1766809102L, -156998680L, -1338524181L, 
-91330935L, 477173272L, 519462214L, 102136737L, -2066401741L, 
-1292178526L, 455712404L, 1990819095L, 292956941L, -339641820L, 
-90824182L, -1258112139L, -363634993L, 524841430L, 1580342656L, 
-1589733949L, -2056965279L, 1960380880L, -1759936210L, -1259116327L, 
-1003232533L, -89149606L, 988813596L, -991776737L, 1950669941L, 
-740652788L, -124287774L, 1743998397L, 903199287L, -521025314L, 
-1953389544L, 141687675L, 1453353753L, -1098180696L, 1966176086L, 
176566225L, 666053507L, -1736602094L, -77583964L, 1331547495L, 
-1058704707L, 452178484L, -1908151910L, -1350756891L, -218975873L, 
1485625606L, -390544752L, 341672755L, 1961547985L, 1468373632L, 
-397251746L, 1498724521L, -1913857189L, 2076854634L, -1959543796L, 
-1884595121L, 1209847045L, -382177860L, 1199147154L, 1764912013L, 
-1699198009L, 1828163758L, 1188077832L, 1982332683L, -387642903L, 
1195577016L, -1696360090L, -481175039L, 236868755L, 1633480514L, 
-925245196L, 182344951L, 943543533L, 2112841604L, -369632854L, 
-1207353579L, 533536175L, 1650304438L, -20857888L, 982225699L, 
687182913L, 117966640L, 257828174L, 2070947769L, 902554059L, 
-521092486L, 286361468L, -1293367361L, 820940949L, 2113085100L, 
-365810558L, 424189021L, 261227351L, -344998338L, -1105300872L, 
-1643306661L, 332034233L, -207134456L, -947997770L, -1292750607L, 
2100922147L, 1939571058L, 715199428L, 960716679L, 596829533L, 
-1365894316L, 314761594L, 1622666437L, 82988575L, -618772058L, 
1747880752L, -1931490861L, 1515696113L, 690698528L, 1660594110L, 
976414665L, 453142395L, 1615445322L, 858724780L, 293622959L, 
768274021L, 1928803868L, 791570546L, -911356179L, 157799207L, 
-2072785074L, 1026271144L, -1762618453L, 52252873L, 1460902104L, 
1418290566L, -1270391711L, 126340595L, -1397420958L, 1711524564L, 
-40903721L, 902640077L, -1734081180L, -592236214L, -1524655947L, 
2088529935L, -857364202L, -1991044160L, 1769865091L, 1247473057L, 
-1102425712L, 442694254L, -485491687L, -529301333L, 2046903450L, 
-1701833636L, 206877023L, -1932004555L, -324266292L, 962896930L, 
-1088571779L, 1659366263L, -375577442L, -2090007720L, -803232069L, 
44501081L, -150848536L, 1604722198L, 869015953L, 2070073923L, 
1975636306L, 1273783780L, 1420454951L, 753481853L, 770401652L, 
-88962726L, -1343873115L, -1686798401L, 1834554438L, 67244752L, 
1921613043L, 1056512529L, -1385628608L, -1702940642L, 1883352809L, 
458558491L, -615594966L, 1380882252L, 649751823L, 861474885L, 
-16582148L, 1447958610L, -1107271219L, 1879409543L, -681875858L, 
-2008766904L, -1691697077L, 1017317801L, -953113352L, 625479718L, 
-1263804095L, 761847507L, -513276286L, 35065012L, 1635791927L, 
530020141L, 1078850628L, -553977494L, 1244714453L, -823151761L, 
-47043978L, 1957088672L, -450839965L, 881781505L, 1934361200L, 
1770651150L, -1386637703L, 73261579L, 330013836L, 1640158236L, 
806554258L, -1847996288L, -94985196L, 1284733224L, -304457158L, 
-346458928L, 1007670380L, 1736666804L, -995145710L, -1331197984L, 
-191290420L, 239943136L, -380763614L, -1079907032L, 2013865228L, 
-1259872708L, -1256599310L, 1149226736L, 1102049092L, -320766376L, 
101222970L, 1828990704L, -1427533636L, 151081492L, -1120447294L, 
-538217376L, 1645362556L, 1347752144L, -1818442718L, -483533144L, 
-1374452852L, 473140668L, -609059790L, 219227968L, 459465908L, 
181708616L, 1198672570L, 368869136L, -520250132L, -155188140L, 
691105554L, 1859123104L, -1609821236L, -166939808L, 427738306L, 
1402492456L, 573625772L, -148985028L, 1776416626L, 200349488L, 
-258681308L, -1778424776L, -1394147110L, -741288560L, -1966359812L, 
381244308L, -1851500734L, -1660936704L, -1598339524L, -798176688L, 
640865954L, -792771768L, -828788212L, -993773348L, -722535854L, 
-1582821248L, -1734718636L, 245458408L, 744980218L, 1124256592L, 
1729522732L, -53540492L, -1273760110L, -527970720L, 87008908L, 
-1053690016L, -565536030L, -699338584L, -179454772L, 375300604L, 
2091827122L, -957765136L, -1831434812L, -1737385128L, 900108154L, 
-1888791120L, -1394502212L, 1640989780L, 2029635522L, -1786616032L, 
-614696004L, -1041197488L, 75180514L, -1248684696L, 1024470348L, 
-1533143812L, 187390706L, 1195942656L, 1861439092L, 506991624L, 
1314060730L, -744672304L, -622647828L, -1106440300L, 1043447506L, 
1009027680L, -1605149364L, 1500373280L, 70614658L, 1402844648L, 
-942689300L, 1625381436L, 340432498L, -1329214608L, 1474343204L, 
-1510006216L, 772028826L, 274025936L, 1301773756L, -1258961772L, 
1140566146L, 139877824L, 183787324L, 1339756688L, 2092804898L, 
-531359224L, 885401868L, -1823139428L, 1705708050L, -1931280512L, 
1250323220L, -223031000L, 1267619898L, -212313136L, 1318579820L, 
601395764L, 96405138L, 1061760352L, 1046448460L, 1454834656L, 
713322914L, -1180296792L, 994006668L, 96964028L, 77759090L, 1289128944L, 
99906116L, 1053388888L, 1458717754L, 1768600688L, -356420548L, 
275363092L, 1352563394L, 1672550112L, -889869188L, -730506544L, 
1626278306L, 1937529896L, 958502668L, 1827265980L, -342116558L, 
-395723072L, -1862672332L, -101318968L, -373856070L, 1148547728L, 
1479671532L, 131148372L, 263253650L, 259312928L, -250804788L, 
1960435424L, 99534018L, 203242536L, 1741661100L, -1546793284L, 
758216690L, -1428174288L, 2037498788L, -498221640L, 118005594L, 
-189464432L, -114634884L, 340309268L, -742639294L, -57404160L, 
99586492L, -1244957360L, 2017935650L, 405000776L, -630090740L, 
-2023140772L, 997987794L, 860335616L, 1675549012L, -1389421336L, 
1594165498L, 768264912L, 1704894252L, 995308788L, 1982844306L, 
767508832L, -1749544948L, 1791039712L, 1316882018L, 447078568L, 
1228910668L, 1660520316L, 316853554L, 1075179120L, 1099458372L, 
-1818485800L, 895354746L, -148954064L, -1962317892L, -2100991404L, 
-1641797566L, 1092818592L, 960352956L, 415260624L, 457277794L, 
-777614616L, 1086573772L, 865163772L, 1051062770L, -284717258L, 
1162521556L, -2037857947L, -2141520529L, 2115108776L, 1069839622L, 
1616116787L, -83371371L, -1107858702L, 1354060608L, 1747908777L, 
-1531351781L, 876247788L, 2110187258L, 209614639L, -554338503L, 
-140334770L, -1819355236L, 36222221L, 222109559L, -133432448L, 
-28233250L, -1514191189L, 1844521389L, 1326628378L, 1167769816L, 
904596801L, -547461645L, -278133740L, 569837986L, 421486263L, 
-1026754431L, 1098879110L, 1384973508L, 1203626485L, 472972383L, 
-1992925512L, 1522552726L, -954907229L, 1593596261L, 1316130946L, 
-1372022288L, -863875175L, 370452875L, 1889088636L, -1117856086L, 
-1373021985L, 2007461481L, -1887159170L, -1820797844L, -1456323395L, 
493411719L, 448133488L, -519750642L, 1321652539L, -931045859L, 
1546445514L, 1281592808L, 899715793L, -415543613L, 217015748L, 
-1850830222L, -536466617L, -1328606447L, 1775034006L, -1789242380L, 
529702277L, -332648241L, 1766988232L, 1586985062L, -1391710573L, 
941129205L, -665747502L, -1595876320L, 946626057L, -1269192901L, 
-1226184052L, -2042188006L, 1707614607L, -1601888551L, 412721518L, 
1633512700L, -1445845395L, -1896615401L, 1685284832L, -712236098L, 
-1546092149L, -393842163L, 1581469242L, 730498680L, -1652847071L, 
-693354285L, 161783796L, -1717143422L, -872648425L, -1113389087L, 
-1028337370L, -536203228L, -948202795L, 1237147263L, -1046376680L, 
1373552182L, -1950142269L, -1205375739L, 436753570L, -1278547312L, 
-1282501063L, 1037076203L, 952629212L, 1221294602L, -297227009L, 
507054409L, 434584286L, 827173004L, -272408483L, -1982509465L, 
-2130985072L, -518433874L, -420537765L, 1686541885L, -14620502L, 
-701482680L, -21009039L, 1611647715L, -1603198492L, 97570066L, 
-420159257L, -790301007L, -878351114L, -1503744236L, -175265755L, 
-819884753L, -259366168L, -1276747834L, -1647680909L, -558676779L, 
-1015069006L, 1400135296L, -774986135L, 1084320475L, -1489512916L, 
1060845114L, -363728657L, -627983495L, -879421426L, 1493859804L, 
-338399667L, 1713294775L, -389799104L, 1747579422L, -1252977429L, 
